12 5 10 25
85 44 14
41 23 77 15
66 21 39 14 1 10
6 53 20 3
9 2 8 11
10 33 31 28 6 38 3
31 11
2 1 3 3 11 15 35
3 5
8 10 1
21 36 16 58
9 24 5 8
41 18 42 10 11 6
17 16
7 13 5 5 13
52 3 25 14 4
17
47 29 11 3 6
25 63 39 33 6 7
31
8
8
21 21
15 79 43
16
24 6 17 7
4 44
18 26
21 34
70 22 15 31 30 20 1
26 15 56 11
56 127 15
23
19 25 54 26
45
15 35
7 27 17 26
15 22 11
7 3
25 45 10 16 29
30 21 33 37 52 23 10 2 36 12
7 4 7 7 5 16 10 2 3
15 5 5 22 25 6 5 6
37 90 16 30 38 17 14 12
40 66 103 1
15 5 3 21 10 2 7 6 4 17 3 5 4
14 1 5 1 6
1 4 66
10 2 1 3 2 5
4 1 39 52 4
32 13 10 8 5 18 3
73 75 6 14 49 5 15 5 8 6 9 6 5
4 12 13 24 34 22 4 10 69 9
23 95 3 20 29 31 19 5
32 3 5 7 4 38 24 14 3
40 73 49 22 3 51 19 10
15 47 6 21 39 1 6 25 21
26 47 14 6
22 5 6 1 11
23 63 7
21 44 23 27
33 5 42
39 33 22 6 22
29 21 27 4
15 12 37 13
10 47
28 31 27 20 16 35 13 2
2
5 17 4
16 60 29 12 8 7 32
35 10
30 24 23 26
42 36 2
25 25 49 3 2 5
23 30 21 7 1
7 6 13 7
18 13
16 14 50 14 11 16 2
15 9 2
15 34
18 7 11 13 36
20 2 1
15 66 24
45 8
10 7 5 1 11 12
31 22 3
12 13 3 16 5 12
28 6 22 29
2 2 11 6 30 29 5
39 7 16 15 4 12 23 2 2 4 27
1 26 21 1
52 46 5 39 15
11 8 61 60 21 10
66 28 32 36 18 10 8
25 56 29 9
1 24 13
12 41 2 86 5
12
101 19 16 47 9
38 4 37 12 71
14 31 5 16 1 9 15
50 39 12 19 3 31 28
35 23 25 1 1 21 11 24 42 12 10 44 11
101 1 11 28 36
43 4 8 1 2 6 49
12 21 8 9 5 5
47 74 38 22 40
27 11 12 7 23 3 11 29 12 7
4 21 34 15 32 24 6
82 38 8 32 17 2 6 11 17 15 7 70
75 15 33 1 26 3 17 19
47 10 23 29 2 17 24 11
59 11 55 12 1 2 5 16
8 40 28 19
29 9 15 11 24 8 6 12
23 29 23 8 24
17 9 15 2 5 12 12 4 9 8 13 8 23
25 34 25 9 55 2
19 45 67 14 3 1 6 30 15 9
93 19 2 2 1 2 2
20 34 7 25 3 4 4 40 3 2 2
9 34 57 19 79 4 5 2 3 12
12 32 26 1 11 8
24 1 5 29 15 2 11
11 20 1 13 13
17 13 14 9
73 52 14 36 7 1 24 9 9 1 34 6 17
36 17 1 4 11
2 29 19 10 15 19 16 8
1
16 6 22 28 9 7 7
27 74 16 49 6
11 44 14 7 5
44 28 26 20 16 14 19 16 13 5 4 9
26 11 6 9 1 65 1 3 33
7 16 11 18 1 1 9 43 3 17
11 32 6 16 26 8 3 3 2
22 44 3 2 28 47 7
1 1 11 37 34 20
33 45 119
18
86
22 74 71
24
20 6
51 10
44 14 3
49
44 25 8
29
9 29 21
22 57 5
10 35
19 5
28 8
3 31 2 4
28 17 10 3
41
4 28
10 2 26
40 17 19
8 24 17
19 2 11
66 19 10
8
17
9 11 2
36 34
14 5 9 40
42 16
23 21
15 23 39
9 6
5
37 42 11
21
24 59 16
48
58 29
39 36 34 10
12 37
10 10
14 1 5 9
7 42 18 13
9 51
40 9 13 18 27 6 1 4
115 20
73 27 39 12
6 18 10 13 6 10 14 4
9 6 22 21
19 1 2 12 1
4 13 24 20
15 1 5 18 14
32 50 3 5 9 4 2
76 21 10 36 2 22
34 16 4
4 20 26 17 6 5
10
74 1 5
18 93 11 12 18 37 39 1
31 3 1 3 7 20 11 13
36 12 21 114 31 16 17 17 40 41 11 15 7 2
10 20 9 10 6
9 33 25 13 42 1
10 11 3 14 20 5
26 35 29 33 21 23 3
18 13 12 3 2 26 4
4 4 57 42 5 10 3 7 20 19 16 13 5
19 14 26 20 1
30 56 17 28 3
30 12 23 17 6
6 17 17 1 5 30 6 6 6
15 44 48 17 2
23 16 16 2 16
2 15
53 42 19 5 45 18 3 26
24 12 50 29 12 11 7
16 27 41 33 46 21 12
19 11 17 18 2 1 19 2 3
6
77
4 10 6 46
25 26
43 28 13 2
19 40 20 4 28
14 2
7
28 25
10
10 13 14 3
31 16 3
14 16
17 37 8 18
87
3 11 1 36 20
25 8 20 3
53 30 12
24 8
11 22
