16 6 14 12
19 12
21 25 10
26 12
3 32 3
14 13 15
12 30
14 11
3 1 12 7 17
1 7
6 13 1
12 13 12
22 12 26
16 22
12 8 6 23
40 33
12
12 11
29 9
9 20
17 15 11
3 9
11 15 9
19 4 10 3
1 12 14
23 7
23 16
16
7 17 14
31
16 9 4 5
19 11 31
12 29 12
11 8 33
15 10
16 16 9 6 14
25 9 3
12
29 23
19 25 39
21
8
5
29
8 18 15
8
12 10 13
6 18
10 13
20
38 23 11 2
37 18 15
34
15
15 17 34
20
21 29
7 13 29
21 21 9
4 13
14 5
29
10 29 16 19
26 3
33 11 16 16 12
11 24 20 2
42 11
19 6
13 32
2 6
16
27 6 2 8
12 5
44 17
13 23 8
5 7
13 22
22
20 26 24
22
11 34
20 11 15 33 39 11
13 2 10
24 14 8 11 9
36 35 13 7
17 26 34 1
24 5 3 18 7 20 4
9 3 5
2 2 41
7 1 5
6
27 8 7 8 11
34 61 4 6 8 12 4
6 15 21 15 31 7
21 4 32 13 16
28 8 6 21 13 19
31 34 17
12 44 1 7 16
13 30 12
34 10 8
24 23
25 15
24 14
29 20 21
13 26 16 3
11 13 16
9 22
10 22 39 2
4
15 12 10
15 38 14 11 7
25
15 15 7 20
43 51 2
17 18
13 11 12 2
10 9 24
10 10
11 17 11 4 10 3
13
11 26 12
9 9 12 16
4 7
21 16 19
48 36 10 12 15
13 8
22 20
13 17 9
17 42
17 7
26 11 27 8 7
22 32
6 20
16 28 30
13 40
12 27 11 4
16 16
22 11
23 5 1
26 25
19 27
11 7 20
28 4 4
13 38
24 5
11 18 2 14 6
11 17 12
15 7 13 18 6 12
20 10 26
2 1 12 8 24 12
36 4 11 7 17 12 8
2 20 10
31 10 21
23 11 21 14
27 20
13
6 28 9
7 30 5
15
18 25
15 16
15 37 5 7
34 21 8 12
55 2 16 12 18
48 19 16
29 6 23
11 25 7
28 16 5
30 28 13
14 19 29 22 15
32 47 21 3 13 12
38 11 24 10
26 9 29 2 17 14
23 12 14
15 20 9
13 9 21 16
11 16 12
20 14 9 10 31
12 17 20 32
13 38 20 1 21
33 21 2
18 32 10 23 7 3
24 32 10 8
5 37 22 2 9
18 3 9
8 17 18 10
15 11 11
65 39 17 1 18
23 18 10
4 27 18 12 16 6
1
22 4 9 8
13 22 30
10 23 13
40 10 11 6
21 11 26
11 23 14 1 2 8 29 12
15 11 18
18 2 24
3 9 43 35 20
42
24
40
6 15 36
15
13 13
46 16
39 12 5
49
33 18
21
18 17
9 38 6
18 29
23
17 5
5 28 4 6
16 11
11
10 21
24 5 20 10
28 15
15
13
17 13
29 20
18
13
11 10
22
12 16
18
37
21 19
20
37 11
8 12 10
6 19 35
3 24
6 22
8 2 15
20 7
2
5 2
22 6 4
6
12
3 2
12
7 4 16
9 6
8 11
7 9
7 6
5
11 5
14
9 19
13
13 11
15 24
40
2 8 4
12 3
16 4
20 10
13
11
13 20 5 5 7
36 7
8
6 11 15 27
19
18 20 33 7
16 16
42 14
10 29
7
8
10
29 25 4
18 6
9 44 12
26 10 8 37
27 11 12
14 6 18 23
9 16 19
28 4 5
18 11
7
10 11 25 11 4
1 1
13 16 9
41 22 12
23 13 17 21
20 11 12 20
15
11 13
22 4 8 9
8 13 20 11
8 48 11 5 7 18 2
40 17 51 47 9 5 2
8 25 22 9 34
20 15 15 2
24 5 16
11 38
5 25
8 16 27 21 10
20 14 19
14 2 2 23
22 12 27 10
13 46 17 21
14 7 22
13 31 5 35
7 3 8 4 14 6 2
22 14 11 2 9 3 2
6 15 13 31
8 3 9
37 16 20
12 10 5
3
11
22 10
12 27 31 7
9
28 22
7 28 13
17
25
23 22 11
12 13
22
6 22
10
15 23
25
5
15 25
30
25 20
22
11 6 6 28
13
19 8 16
12
6 11
20
9
1 19
26
15
39 27
10
4 21
20
16 30 7 14
17
13 43
10 10
2 13 11
34 17 10 22
35 8 9 40 19 8
8 31 2
20 31
17 35 11
7 9 33 10 15 15
20 2
20 9 11 23 13 8
22 15 20 5 10
9 7 7 18
4
26 17 14
11 4 15
27 19 5 13
12 14
27 14 10
20 13
3 16 20 12 26
5 35 34 17 9 7
18 19
8 13 24 10 6
46 43 14 9 5 25
27 29 14 16
10 12 4
4 14
32 10 4
4 30 2 10 17
16 8 38 17 11 9
13 24
5 22 1
22 11 12 7 17 12
39 12 5 19 8
29 17 18 7
27 10 31 8 23 4 13
28 14 2 25
11 29 49 11
7 22 19 12 4 3
14 8 8 6 12
6 14 33 11
2 10 8 33 33
16 18 11
17
25 16 20 6
26
3 28 13 7
14 37 24
21 34 14
9 11
29 1 4
7 8 1
17 23 6 6 18
13 12 12
12 23 12
46 16 13
11 6 10 23
40 28
4 18 4
12 11
28 9
20 9
15 15 20 9
3
10 15
19 1 21 9 10
1 26 18 12
23 6 7 13 24
22 17 11
16 58 19
8 11 11 13
31 9
16 6 4 28
11 22
12 29 18
19 9
16 16 12 10
6 17
25 25 26
14 14 13
24 20
25 13 19 39
